77.980000 30.580000 
78.280000 30.560000 
78.680000 30.250000 
79.240000 30.140000 
79.450000 29.770000 
79.698000 29.723500 
>
77.819900 30.212600 
77.746300 30.121500 
>
79.230000 32.980000 
80.589300 31.506100 
>
78.970000 32.680000 
78.790000 32.080000 
78.390000 31.700000 
>
78.030000 32.190000 
78.550000 31.900000 
>
78.790000 32.660000 
78.740000 32.330000 
78.780000 32.180000 
>
79.870000 30.640000 
80.051000 30.429600 
>
79.090000 29.820000 
79.490000 29.510000 
79.560800 29.449300 
>
76.960000 31.970000 
77.110000 32.380000 
77.190000 32.790000 
>
75.480000 32.980000 
75.950000 32.680000 
75.880000 32.570000 
76.340000 32.270000 
76.720000 31.910000 
76.770000 31.710000 
76.740000 31.480000 
76.930000 30.900000 
77.330000 30.560000 
77.560000 30.510000 
>
75.040000 32.910000 
75.490000 32.690000 
75.830000 32.530000 
76.630000 31.510000 
76.870000 31.070000 
>
76.600500 31.077400 
76.670000 31.150000 
>
77.788500 30.099200 
77.870000 30.200000 
>
78.166100 34.016200 
78.720000 33.470000 
79.190000 33.000000 
>
77.990000 34.130000 
77.630000 34.410000 
76.600000 35.060000 
75.000000 35.930000 
>
75.810000 34.400000 
75.770000 34.270000 
75.750000 33.880000 
75.690000 33.780000 
75.650000 33.580000 
75.590000 33.300000 
>
72.408900 34.908400 
72.810000 35.190000 
73.020000 34.920000 
73.510000 34.950000 
74.040000 35.180000 
74.610000 35.500000 
74.930000 35.940000 
>
72.638700 36.302300 
72.890000 36.410000 
73.340000 36.480000 
73.980000 36.380000 
74.400000 36.290000 
74.960000 35.920000 
>
73.320000 34.680000 
73.310000 34.310000 
>
73.330000 34.420000 
73.370000 34.310000 
73.388300 34.221700 
>
72.915500 36.629800 
73.530000 36.610000 
75.410000 35.900000 
>
72.431700 34.893000 
72.810000 35.120000 
73.180000 34.880000 
73.840000 35.050000 
74.680000 35.560000 
74.740000 36.050000 
75.060000 35.850000 
74.970000 35.460000 
>
72.819100 34.632300 
72.850000 35.070000 
>
73.650000 34.730000 
73.970000 34.490000 
>
73.560000 34.730000 
73.790000 34.540000 
>
73.320000 34.660000 
73.530000 34.900000 
73.620000 34.850000 
73.590000 34.780000 
73.650000 34.730000 
73.590000 34.630000 
>
73.470000 34.370000 
73.380000 34.440000 
73.350000 34.550000 
73.330000 34.710000 
73.740000 34.460000 
73.820000 34.270000 
74.710000 33.710000 
>
73.470000 34.370000 
73.380000 34.440000 
73.350000 34.550000 
73.440000 34.660000 
73.710000 34.440000 
73.760000 34.200000 
74.560000 33.680000 
>
73.318600 34.289900 
73.380000 34.440000 
>
80.563100 31.453700 
80.480000 31.540000 
80.400000 31.650000 
80.270000 31.770000 
79.820000 32.270000 
79.450000 32.720000 
79.410000 32.780000 
79.230000 33.000000 
>
78.760000 30.380000 
79.100000 30.350000 
79.270000 30.370000 
>
79.135500 29.396300 
79.166700 29.531500 
>
79.323000 29.585500 
79.208300 29.864800 
>
79.208300 29.693700 
79.208300 29.738700 
>
79.125000 29.756700 
79.130000 29.846800 
>
79.052200 29.747700 
79.041700 30.000000 
>
78.138200 31.693700 
78.000000 31.828800 
>
79.215000 32.522500 
79.150500 32.684700 
>
78.645000 32.108000 
78.667300 32.173300 
>
78.806300 32.162000 
78.795700 32.656700 
>
78.313800 32.774700 
78.268700 33.000000 
>
77.593800 30.315300 
77.614500 30.459300 
>
76.970800 30.715000 
77.000000 30.756700 
>
78.000000 32.225200 
77.946200 32.315300 
>
77.752700 32.774700 
77.559000 32.990800 
>
77.462300 32.801800 
77.505300 32.900800 
>
77.505300 32.801800 
77.483800 32.864800 
>
77.462300 32.567500 
77.290200 32.783700 
>
76.150500 32.747700 
76.204200 32.792700 
>
78.480000 33.090000 
78.570000 33.150000 
>
78.270000 33.000000 
78.280000 33.060000 
78.350000 33.130000 
78.350000 33.330000 
>
76.140000 34.310000 
76.230000 34.210000 
>
75.810000 34.330000 
76.070000 34.280000 
76.140000 34.310000 
>
76.130000 33.220000 
76.180000 33.300000 
>
75.510000 33.973000 
75.480000 34.018000 
>
76.650000 33.580000 
77.090000 33.510000 
77.490000 33.210000 
78.030000 32.720000 
78.690000 32.070000 
79.180000 31.570000 
79.720000 31.100000 
80.193100 30.713700 
>
74.180400 37.405000 
73.790000 37.240000 
73.187500 36.951600 
>
76.400000 34.410000 
77.110000 34.080000 
77.220000 33.980000 
77.510000 33.810000 
77.580000 33.790000 
78.000000 33.410000 
>
75.000000 34.820000 
75.710000 34.490000 
75.960000 34.580000 
76.190000 34.520000 
76.310000 34.540000 
76.350000 34.530000 
76.370000 34.540000 
76.450000 34.540000 
77.450000 34.040000 
77.750000 33.750000 
77.800000 33.670000 
78.000000 33.590000 
78.000000 33.570000 
78.200000 33.410000 
78.440000 33.300000 
78.550000 33.260000 
78.920000 33.000000 
>
75.000000 34.620000 
75.160000 34.560000 
75.270000 34.570000 
75.600000 34.420000 
75.820000 34.400000 
75.990000 34.340000 
76.120000 34.300000 
76.130000 34.310000 
76.160000 34.390000 
76.100000 34.380000 
76.100000 34.440000 
76.040000 34.470000 
76.000000 34.500000 
75.890000 34.530000 
76.130000 34.480000 
76.150000 34.460000 
76.200000 34.450000 
76.190000 34.390000 
76.230000 34.410000 
76.570000 34.410000 
77.360000 33.930000 
77.560000 33.830000 
78.000000 33.440000 
78.000000 33.430000 
78.180000 33.380000 
78.290000 33.330000 
78.330000 33.290000 
78.430000 33.210000 
78.460000 33.160000 
78.540000 33.100000 
78.530000 33.060000 
78.550000 33.000000 
>
78.730000 32.900000 
79.190000 32.490000 
80.327300 30.982200 
>
73.320000 34.620000 
73.350000 34.650000 
73.490000 34.690000 
73.650000 34.470000 
73.730000 34.250000 
74.000000 34.100000 
74.080000 34.000000 
74.130000 33.920000 
74.310000 33.680000 
74.290000 33.590000 
74.340000 33.340000 
74.490000 33.410000 
75.000000 33.330000 
75.190000 33.270000 
75.290000 33.190000 
75.330000 33.000000 
75.390000 33.000000 
75.590000 32.770000 
75.910000 32.650000 
75.900000 32.570000 
76.100000 32.360000 
76.300000 32.280000 
76.560000 32.140000 
76.560000 32.160000 
76.930000 31.880000 
76.860000 31.490000 
76.790000 31.380000 
76.880000 31.250000 
76.980000 31.160000 
77.030000 30.990000 
77.050000 30.950000 
77.020000 30.950000 
77.660000 30.580000 
77.650000 30.540000 
77.840000 30.520000 
78.000000 30.430000 
78.000000 30.420000 
78.320000 30.080000 
78.340000 29.960000 
79.528800 29.385300 
>
73.860000 34.810000 
74.000000 34.700000 
74.340000 34.730000 
74.610000 34.700000 
74.870000 34.680000 
75.000000 34.640000 
>
79.787300 29.902100 
79.610000 30.070000 
79.670000 30.180000 
79.340000 30.370000 
79.320000 30.270000 
79.340000 30.170000 
79.570000 29.890000 
>
79.570000 29.890000 
79.766500 29.860500 
>
79.220000 29.840000 
79.628000 29.583700 
>
79.500000 29.590000 
79.590200 29.508000 
>
78.350000 29.970000 
78.390000 30.070000 
78.910000 29.740000 
78.350000 29.970000 
>
78.340000 29.960000 
78.360000 30.120000 
78.940000 29.750000 
78.830000 29.690000 
>
78.350000 29.920000 
78.810000 29.630000 
79.528000 29.383700 
>
78.964700 29.478400 
79.140000 29.420000 
>
78.310000 29.900000 
78.482400 29.733000 
>
78.110000 30.470000 
78.360000 30.300000 
78.360000 30.240000 
78.170000 30.310000 
78.110000 30.470000 
>
79.790000 30.900000 
80.182400 30.692400 
>
78.000000 31.240000 
77.980000 31.210000 
78.000000 31.180000 
78.200000 31.280000 
78.170000 31.230000 
>
77.440000 31.220000 
77.310000 31.320000 
>
78.000000 31.160000 
77.770000 30.990000 
77.720000 31.010000 
77.550000 30.950000 
77.610000 30.910000 
77.530000 30.770000 
77.310000 30.840000 
77.340000 30.950000 
77.440000 30.980000 
77.490000 31.060000 
77.490000 31.150000 
77.440000 31.220000 
77.420000 31.310000 
77.460000 31.290000 
77.470000 31.340000 
77.530000 31.290000 
78.000000 31.390000 
>
78.000000 30.920000 
77.940000 30.980000 
77.840000 30.990000 
77.890000 31.100000 
78.000000 30.970000 
78.080000 30.880000 
78.000000 30.920000 
>
77.050000 31.050000 
77.030000 31.170000 
77.180000 31.090000 
77.230000 31.030000 
77.230000 30.960000 
77.050000 31.050000 
>
76.870000 31.530000 
76.980000 31.380000 
77.160000 31.300000 
77.340000 31.330000 
77.340000 31.160000 
77.240000 31.160000 
77.090000 31.300000 
77.030000 31.300000 
77.090000 31.260000 
77.000000 31.240000 
76.980000 31.170000 
>
77.270000 31.680000 
77.220000 31.830000 
77.170000 31.830000 
>
77.270000 32.060000 
77.630000 31.600000 
77.700000 31.650000 
78.000000 31.610000 
78.200000 31.490000 
78.000000 31.390000 
77.650000 31.410000 
77.270000 31.680000 
77.170000 31.830000 
77.150000 31.870000 
77.270000 32.060000 
>
77.120000 32.370000 
77.220000 32.110000 
77.400000 32.040000 
77.630000 31.700000 
78.000000 31.620000 
78.270000 31.510000 
78.240000 31.410000 
78.000000 31.330000 
77.900000 31.250000 
78.000000 31.150000 
78.170000 31.190000 
78.300000 31.090000 
78.350000 30.860000 
79.210000 30.450000 
79.510000 30.510000 
79.902800 30.133200 
>
77.610000 30.350000 
77.980000 30.110000 
>
75.690000 32.210000 
75.880000 31.990000 
>
76.310000 31.770000 
76.880000 31.000000 
>
76.770000 32.010000 
76.830000 31.860000 
76.870000 31.660000 
76.830000 31.590000 
76.830000 31.540000 
>
76.915100 30.769500 
76.980000 30.750000 
>
76.645400 31.033500 
76.710000 31.010000 
76.840000 30.880000 
76.864300 30.819200 
>
76.750000 31.800000 
76.710000 31.800000 
76.690000 31.810000 
76.670000 31.800000 
76.730000 31.700000 
76.720000 31.610000 
76.740000 31.580000 
76.710000 31.510000 
76.740000 31.460000 
>
76.430000 32.190000 
76.670000 32.000000 
76.750000 31.800000 
76.790000 31.730000 
76.740000 31.460000 
76.890000 31.140000 
76.940000 30.860000 
77.000000 30.770000 
77.150000 30.650000 
77.190000 30.630000 
77.200000 30.630000 
77.230000 30.580000 
77.560000 30.470000 
>
76.780000 34.000000 
76.860000 34.030000 
76.850000 34.040000 
76.800000 34.090000 
76.760000 34.140000 
76.690000 34.140000 
76.680000 34.180000 
76.640000 34.160000 
76.640000 34.100000 
76.650000 34.050000 
76.770000 33.990000 
76.780000 34.000000 
>
75.520000 34.460000 
75.600000 34.360000 
75.800000 34.330000 
>
75.770000 34.070000 
75.840000 34.020000 
75.860000 33.950000 
75.820000 33.830000 
75.890000 33.690000 
75.990000 33.670000 
76.020000 33.580000 
76.190000 33.300000 
>
76.140000 33.240000 
76.310000 33.080000 
76.450000 33.050000 
76.540000 33.000000 
77.150000 32.520000 
>
74.557900 33.076800 
74.660000 33.070000 
74.850000 33.000000 
75.000000 32.890000 
>
73.251300 34.341300 
73.270000 34.360000 
73.290000 34.590000 
73.320000 34.680000 
73.420000 34.720000 
73.540000 34.730000 
73.610000 34.640000 
73.640000 34.520000 
73.710000 34.410000 
73.750000 34.280000 
74.020000 34.110000 
74.340000 33.640000 
74.330000 33.590000 
74.510000 33.430000 
74.860000 33.410000 
75.000000 33.380000 
75.170000 33.330000 
75.330000 33.240000 
75.380000 33.140000 
75.460000 33.000000 
75.450000 33.000000 
75.620000 32.800000 
75.950000 32.680000 
75.960000 32.530000 
76.100000 32.360000 
>
79.682500 29.726400 
79.930000 29.680000 
80.260000 29.450000 
81.010000 29.250000 
81.000000 28.990000 
>
81.150000 29.000000 
81.900000 29.920000 
>
83.083100 28.215700 
82.600000 28.540000 
82.410000 28.710000 
81.740000 28.990000 
>
81.330000 29.010000 
82.490000 28.360000 
83.015400 28.069000 
>
80.572000 31.524900 
81.010000 31.050000 
>
80.037900 30.444900 
80.240000 30.210000 
80.640000 30.120000 
81.020000 29.950000 
>
79.550000 29.458600 
79.700000 29.330000 
80.250000 29.200000 
81.010000 29.090000 
>
81.000000 31.090000 
80.930000 31.130000 
80.740000 31.270000 
80.545700 31.471700 
>
79.631400 29.154900 
79.660000 29.170000 
>
80.152800 29.003800 
80.052700 28.931400 
>
81.840000 28.280000 
82.330000 28.930000 
>
82.390000 28.040000 
83.030000 28.460000 
>
80.000000 29.351300 
80.041700 29.396300 
>
79.875000 29.351300 
79.875000 29.387300 
>
79.833300 29.378300 
79.875000 29.477500 
>
80.177200 30.726600 
80.320000 30.610000 
80.940000 30.260000 
81.690000 29.900000 
82.520000 29.570000 
83.510000 29.210000 
83.537900 29.201000 
>
80.313000 31.001200 
80.510000 30.740000 
81.000000 30.480000 
>
79.516600 29.391200 
79.850000 29.230000 
80.200000 29.260000 
81.010000 29.000000 
81.430000 28.860000 
81.730000 28.530000 
82.100000 28.250000 
82.590000 27.990000 
82.942800 27.911600 
>
80.300000 29.890000 
80.410000 29.850000 
80.670000 29.960000 
80.630000 29.970000 
80.440000 30.030000 
80.300000 29.890000 
>
80.080000 29.800000 
80.320000 29.760000 
80.240000 29.850000 
80.080000 29.800000 
>
79.750000 29.863000 
79.770000 29.860000 
79.800000 29.890000 
79.775100 29.913600 
>
79.615700 29.591400 
80.000000 29.350000 
81.000000 29.140000 
81.330000 29.010000 
>
79.579300 29.517900 
79.830000 29.290000 
80.230000 29.230000 
>
79.700000 29.280000 
79.960000 29.180000 
79.532300 29.207400 
>
79.515100 29.388100 
80.180000 29.160000 
80.820000 29.000000 
>
80.164900 30.701700 
81.000000 30.260000 
>
79.889800 30.145700 
80.000000 30.040000 
80.600000 30.050000 
81.000000 29.860000 
82.820000 29.000000 
83.263900 28.607300 
>
85.895500 26.629400 
85.910000 26.640000 
>
86.530000 28.660000 
86.350000 29.010000 
>
86.490000 28.410000 
86.240000 28.990000 
>
84.980000 27.470000 
85.190000 27.730000 
>
84.780000 27.620000 
85.250000 28.200000 
>
84.590000 27.700000 
85.280000 28.740000 
>
83.017700 28.067700 
83.140000 28.000000 
83.330000 28.050000 
83.085900 28.213800 
>
83.630000 27.930000 
83.740000 28.050000 
83.800000 28.310000 
>
87.590000 28.070000 
87.600000 28.350000 
>
88.307500 26.491500 
88.240000 26.800000 
>
87.340000 28.000000 
87.360000 28.260000 
87.490000 28.330000 
>
87.860000 28.770000 
87.850000 28.900000 
>
87.900000 28.670000 
87.950000 28.860000 
>
87.560000 28.650000 
87.540000 28.750000 
>
87.520000 28.480000 
87.560000 28.610000 
>
87.700000 28.440000 
87.730000 28.620000 
>
87.610000 28.070000 
87.610000 28.350000 
>
88.268500 26.486100 
88.230000 26.520000 
>
85.410000 27.620000 
85.770000 27.470000 
>
85.200000 27.720000 
85.360000 27.640000 
>
86.740000 27.450000 
86.890000 27.540000 
>
86.860000 27.310000 
86.910000 27.350000 
>
86.619200 26.990800 
86.659800 27.127200 
>
86.436500 27.081700 
86.446700 27.172700 
>
85.710500 27.527200 
85.609000 27.563500 
>
85.431300 27.436300 
85.517700 27.527200 
>
85.431300 27.363500 
85.456800 27.409000 
>
85.736000 27.290800 
85.741000 27.350000 
>
85.802000 27.154500 
85.827300 27.254500 
>
85.609000 27.118200 
85.629300 27.190800 
>
85.456800 27.154500 
85.426300 27.218200 
>
83.900000 28.630000 
84.000000 28.820000 
>
83.800000 28.650000 
83.820000 29.000000 
>
83.545400 29.198600 
84.780000 28.800000 
85.940000 28.470000 
87.940000 28.360000 
88.364500 28.364500 
>
87.170000 27.050000 
87.180000 27.080000 
87.310000 27.080000 
87.320000 27.130000 
87.280000 27.200000 
87.320000 27.270000 
87.310000 27.460000 
87.210000 27.550000 
87.040000 27.580000 
87.010000 27.550000 
87.030000 27.420000 
87.090000 27.360000 
87.080000 27.130000 
87.110000 27.130000 
87.080000 27.090000 
87.170000 27.050000 
>
85.800000 27.480000 
86.430000 27.210000 
86.830000 27.200000 
86.840000 27.230000 
86.950000 27.340000 
86.930000 27.330000 
86.920000 27.360000 
86.850000 27.420000 
86.840000 27.450000 
86.860000 27.450000 
86.930000 27.530000 
86.860000 27.490000 
86.840000 27.510000 
86.820000 27.600000 
86.770000 27.610000 
86.760000 27.630000 
86.610000 27.580000 
86.540000 27.460000 
86.490000 27.450000 
86.490000 27.460000 
86.420000 27.460000 
86.400000 27.500000 
86.450000 27.540000 
86.440000 27.600000 
86.400000 27.600000 
86.300000 27.670000 
86.440000 27.750000 
86.310000 27.800000 
86.100000 27.780000 
86.050000 27.820000 
86.050000 27.910000 
86.000000 27.950000 
85.670000 27.800000 
85.650000 27.720000 
85.800000 27.480000 
>
82.944700 27.911200 
83.130000 27.870000 
83.840000 27.710000 
84.000000 27.760000 
84.110000 27.760000 
84.360000 27.800000 
84.510000 27.800000 
85.000000 27.510000 
85.150000 27.460000 
85.310000 27.450000 
85.580000 27.360000 
85.600000 27.370000 
85.840000 27.350000 
86.050000 27.240000 
86.070000 27.190000 
86.140000 27.180000 
86.550000 27.000000 
86.760000 26.880000 
86.950000 26.880000 
87.010000 26.900000 
87.280000 26.830000 
87.880000 26.800000 
88.240000 26.800000 
88.492000 26.929600 
>
83.860000 27.500000 
84.000000 27.440000 
84.350000 27.290000 
84.720000 27.250000 
>
83.267900 28.603800 
84.260000 28.290000 
84.340000 28.350000 
84.480000 28.370000 
84.560000 28.310000 
84.610000 28.230000 
84.820000 28.190000 
85.380000 28.230000 
85.380000 28.140000 
85.390000 28.060000 
85.340000 27.940000 
85.290000 27.880000 
84.770000 27.750000 
85.150000 27.480000 
85.930000 27.330000 
86.560000 27.030000 
86.690000 26.950000 
86.940000 26.890000 
87.020000 26.980000 
87.340000 26.960000 
87.490000 27.140000 
87.480000 27.360000 
87.520000 27.450000 
87.870000 27.430000 
87.850000 27.230000 
87.700000 27.050000 
87.650000 27.020000 
87.610000 27.070000 
87.510000 26.990000 
87.340000 26.890000 
88.010000 26.870000 
88.330000 26.920000 
88.370000 27.050000 
88.180000 27.110000 
88.150000 27.260000 
88.410000 27.510000 
88.445300 27.455300 
>
87.700000 27.700000 
88.511600 26.742300 
>
93.580000 28.090000 
93.830000 28.140000 
94.070000 28.220000 
94.400000 28.260000 
>
93.060000 27.700000 
93.600000 27.720000 
93.870000 27.750000 
94.080000 27.850000 
94.260000 28.010000 
>
93.000000 27.090000 
93.260000 27.090000 
93.680000 27.220000 
93.920000 27.520000 
94.170000 27.860000 
94.440000 28.010000 
>
94.720000 27.700000 
94.803200 27.651800 
>
94.450000 27.570000 
94.544900 27.508300 
>
94.035600 27.234200 
94.020000 27.350000 
>
93.300000 26.890000 
93.310000 26.990000 
>
95.150000 27.990000 
95.250300 28.060200 
>
95.150000 27.990000 
94.980000 28.190000 
94.904700 28.449400 
>
94.800000 27.990000 
94.760000 28.420000 
94.680000 28.625700 
>
94.620000 28.000000 
94.710000 28.490000 
94.490000 28.760000 
94.480800 28.782000 
>
91.820000 27.910000 
91.820000 28.020000 
>
92.090000 28.020000 
92.050000 27.780000 
>
91.800000 26.760000 
91.807600 26.672500 
>
92.400000 26.800000 
91.080000 26.740000 
>
92.219100 26.710900 
92.180000 26.760000 
>
89.880000 28.670000 
89.920000 28.900000 
>
89.850000 28.280000 
89.920000 28.720000 
>
88.750000 27.430000 
88.540000 27.770000 
>
89.200000 27.360000 
89.390000 27.170000 
89.580000 27.130000 
89.670000 27.350000 
>
89.200000 27.360000 
89.520000 27.510000 
89.670000 27.350000 
>
90.469500 29.302400 
94.089100 29.089500 
>
93.040000 27.660000 
93.050000 27.770000 
>
94.470000 27.710000 
94.780000 27.830000 
>
93.978400 27.196100 
93.920000 27.250000 
>
90.580000 27.220000 
90.720000 27.140000 
>
90.130000 27.240000 
90.600000 27.210000 
>
93.040000 27.660000 
93.050000 27.770000 
>
90.060000 26.960000 
90.070000 27.240000 
>
92.570000 26.733600 
92.570000 26.930000 
>
89.580000 28.190000 
89.630000 28.280000 
89.710000 28.340000 
89.720000 28.400000 
89.800000 28.480000 
>
89.400000 28.040000 
89.540000 28.240000 
>
88.560000 26.810000 
88.620000 26.990000 
>
88.405400 28.365000 
89.820000 28.380000 
91.530000 28.360000 
93.600000 28.370000 
>
93.040000 27.720000 
93.230000 27.810000 
93.370000 27.820000 
93.450000 27.850000 
93.640000 27.810000 
93.500000 28.000000 
>
93.740000 27.750000 
93.870000 27.750000 
93.980000 27.810000 
93.990000 27.840000 
93.960000 27.860000 
93.720000 27.780000 
93.740000 27.750000 
>
93.670000 27.160000 
93.730000 27.290000 
93.920000 27.490000 
94.180000 27.830000 
94.360000 27.920000 
94.360000 27.950000 
94.460000 28.000000 
>
93.000000 27.260000 
93.120000 27.410000 
93.000000 27.300000 
>
93.000000 29.070000 
93.200000 29.050000 
93.330000 28.990000 
93.970000 28.970000 
94.144600 29.045900 
>
94.250000 28.000000 
94.260000 28.060000 
94.450000 28.200000 
94.510000 28.190000 
94.480000 28.160000 
94.250000 28.000000 
>
94.460000 28.000000 
94.590000 28.250000 
94.560000 28.570000 
94.422500 28.827800 
>
92.510000 27.050000 
92.680000 27.230000 
92.710000 27.380000 
92.660000 27.440000 
92.760000 27.640000 
92.730000 27.650000 
92.830000 27.750000 
>
92.120000 27.000000 
92.510000 27.050000 
92.710000 27.210000 
92.840000 27.590000 
92.820000 27.290000 
92.920000 27.260000 
93.000000 27.280000 
>
92.260000 27.060000 
92.440000 27.130000 
92.460000 27.170000 
92.540000 27.170000 
92.610000 27.280000 
92.480000 27.240000 
92.380000 27.250000 
92.180000 27.120000 
92.200000 27.070000 
92.260000 27.060000 
>
92.060000 27.050000 
92.120000 27.130000 
92.430000 27.410000 
92.390000 27.500000 
92.510000 27.580000 
>
92.110000 26.880000 
92.740000 27.040000 
93.000000 26.940000 
>
91.420000 26.850000 
91.720000 26.980000 
91.770000 26.970000 
91.920000 26.970000 
>
91.200000 26.910000 
91.290000 26.850000 
91.420000 26.920000 
91.520000 26.960000 
91.650000 27.000000 
91.830000 27.000000 
91.920000 26.970000 
92.140000 26.960000 
92.580000 27.050000 
92.820000 27.180000 
93.000000 27.090000 
>
90.000000 26.880000 
90.230000 26.870000 
90.490000 26.940000 
90.750000 26.910000 
90.850000 26.950000 
91.270000 26.910000 
91.380000 26.950000 
91.460000 27.050000 
91.450000 27.090000 
91.490000 27.070000 
91.560000 27.100000 
91.580000 27.140000 
91.590000 27.265000 
>
90.000000 26.950000 
90.170000 26.900000 
90.430000 26.960000 
90.700000 26.940000 
90.760000 26.950000 
90.800000 26.960000 
91.050000 27.130000 
91.120000 27.270000 
91.110000 27.420000 
91.090000 27.480000 
91.190000 27.590000 
91.260000 27.540000 
91.300000 27.460000 
91.310000 27.360000 
91.440000 27.270000 
91.460000 27.230000 
91.500000 27.265000 
>
89.700000 27.650000 
89.770000 27.890000 
>
89.150000 27.070000 
89.320000 27.110000 
89.330000 27.150000 
89.180000 27.160000 
89.160000 27.220000 
89.060000 27.170000 
89.150000 27.070000 
>
88.500700 26.934100 
88.590000 26.980000 
88.990000 27.000000 
89.170000 26.820000 
89.230000 26.810000 
89.370000 26.880000 
89.630000 26.700000 
89.750000 26.690000 
90.020000 26.860000 
90.210000 26.870000 
90.480000 26.930000 
91.050000 26.820000 
91.320000 26.820000 
91.710000 26.890000 
91.790000 26.930000 
92.440000 26.980000 
92.780000 27.110000 
92.980000 27.040000 
93.550000 27.100000 
94.260000 27.670000 
94.550000 27.700000 
94.840000 27.850000 
94.790000 28.010000 
>
88.468400 27.419500 
88.610000 27.200000 
88.510000 27.050000 
88.570000 27.010000 
89.400000 27.010000 
89.670000 26.860000 
90.000000 26.970000 
90.220000 26.940000 
90.440000 27.010000 
90.740000 26.970000 
90.960000 27.090000 
91.110000 27.340000 
91.120000 27.490000 
91.190000 27.550000 
91.290000 27.410000 
91.460000 27.260000 
92.110000 27.300000 
92.290000 27.450000 
92.220000 27.490000 
93.030000 28.010000 
93.440000 28.260000 
93.670000 28.450000 
94.335000 28.896500 
>
88.514600 26.738700 
88.698000 26.522400 
>
97.150000 29.190000 
97.270000 29.120000 
97.980000 28.500000 
>
98.843700 28.170300 
98.890000 28.050000 
98.920000 27.770000 
99.010000 27.510000 
>
96.040000 29.760000 
96.810000 29.430000 
>
98.758800 26.249400 
98.770000 26.580000 
98.660000 26.930000 
98.670000 27.270000 
>
97.360000 28.030000 
97.480000 27.960000 
98.630000 27.000000 
>
97.400000 27.420000 
97.750000 26.860000 
98.000000 26.310000 
98.023300 26.156400 
>
96.010000 28.680000 
96.470000 28.380000 
97.040000 27.830000 
97.280000 27.540000 
>
96.020000 28.350000 
96.440000 28.010000 
96.980000 27.490000 
97.110000 27.290000 
97.450000 26.990000 
>
96.000000 28.120000 
96.460000 27.840000 
96.690000 27.560000 
96.890000 27.410000 
97.420000 26.890000 
>
95.980000 27.890000 
96.270000 27.680000 
96.420000 27.620000 
96.660000 27.530000 
96.890000 27.270000 
>
96.396700 27.376300 
96.720000 27.410000 
96.890000 27.270000 
97.060000 27.120000 
97.280000 26.950000 
>
96.567900 27.247900 
96.620000 27.300000 
96.720000 27.410000 
>
96.655600 27.182200 
96.690000 27.200000 
>
95.170000 29.830000 
94.700000 29.380000 
>
95.400000 29.980000 
95.990000 29.420000 
96.950000 28.550000 
97.360000 28.030000 
>
96.020000 28.350000 
95.310000 28.580000 
95.100000 28.820000 
94.950000 28.910000 
94.940000 29.040000 
94.860000 28.990000 
>
95.560000 28.210000 
95.442200 28.092200 
>
95.377700 28.140600 
95.560000 28.210000 
>
94.879200 28.514500 
94.740000 28.700000 
95.020000 28.510000 
95.250000 28.300000 
95.560000 28.210000 
95.980000 27.890000 
>
94.550000 28.800000 
94.960000 28.810000 
95.520000 28.370000 
95.810000 28.360000 
96.000000 28.120000 
>
94.659100 28.679500 
94.620000 28.780000 
94.930000 29.040000 
>
94.461900 28.827400 
94.440000 28.880000 
>
99.820300 27.250900 
99.738500 27.456600 
>
99.623000 27.064700 
98.181700 28.698400 
>
97.830000 27.500000 
99.322000 27.788800 
>
97.310300 26.691100 
97.420000 27.000000 
97.000000 28.170000 
95.330000 29.000000 
95.500000 29.830000 
94.250000 29.080000 
94.114500 29.088000 
>
97.290000 27.590000 
97.120000 27.790000 
>
96.617800 27.210500 
96.700000 27.250000 
>
96.542000 27.267400 
96.600000 27.300000 
96.640000 27.350000 
>
94.161000 29.053100 
94.200000 29.070000 
>
95.570000 28.230000 
95.640000 28.250000 
95.770000 28.120000 
96.770000 28.080000 
>
94.400600 28.873400 
94.410000 28.930000 
>
78.000000 34.180000 
78.303600 33.880600 
>
79.040000 33.680000 
79.420000 33.450000 
79.900000 33.350000 
80.980000 32.990000 
>
80.040000 34.370000 
80.990000 34.720000 
>
79.770000 33.960000 
79.850000 34.290000 
>
79.030000 34.150000 
79.770000 34.290000 
>
80.090000 34.650000 
80.530000 34.820000 
80.800000 34.920000 
80.990000 34.970000 
>
77.990000 35.580000 
78.980000 35.170000 
79.970000 35.000000 
>
78.510000 35.620000 
78.910000 35.340000 
>
78.750000 35.970000 
79.070000 35.670000 
>
79.010000 35.990000 
79.240000 35.820000 
>
78.010000 36.250000 
79.600000 35.990000 
81.010000 35.690000 
>
80.280000 36.120000 
80.990000 36.020000 
>
78.010000 36.890000 
79.270000 36.550000 
79.840000 36.290000 
>
80.510000 36.720000 
80.901300 36.964600 
>
79.710000 36.970000 
80.520000 36.650000 
>
77.990000 34.130000 
77.955200 34.157100 
>
75.690000 37.000000 
76.790000 35.550000 
77.600000 34.740000 
77.770000 34.500000 
77.850000 34.320000 
78.000000 34.220000 
>
76.150000 36.450000 
77.990000 35.580000 
>
76.140000 36.450000 
77.040000 36.400000 
78.010000 36.250000 
>
80.697700 34.136300 
80.714300 34.272700 
>
80.686700 34.009000 
80.686700 34.090800 
>
80.725200 34.236300 
80.989000 34.263700 
>
80.531200 34.245300 
80.703200 34.254500 
>
79.358700 34.001500 
79.695500 34.054500 
>
80.673800 33.990800 
80.989000 33.828800 
>
80.070000 33.990000 
80.340000 33.960000 
>
80.660000 33.440000 
80.970000 33.600000 
>
78.010000 36.890000 
77.650000 37.000000 
>
77.300000 34.730000 
77.330000 34.780000 
>
75.300000 37.450000 
74.500000 37.540000 
74.049500 37.349700 
>
78.000000 34.330000 
78.060000 34.300000 
78.340000 34.040000 
78.480000 34.000000 
78.620000 34.020000 
78.650000 34.020000 
78.710000 34.050000 
78.890000 34.080000 
>
96.000000 27.280000 
96.110000 27.340000 
96.240000 27.360000 
96.395800 27.376200 
>
93.180000 25.280000 
93.180000 25.370000 
93.500000 25.630000 
94.010000 25.880000 
93.970000 26.080000 
93.970000 26.230000 
94.120000 26.480000 
94.220000 26.480000 
94.490000 26.750000 
94.750000 26.820000 
>
92.980000 25.090000 
93.160000 25.160000 
93.210000 25.180000 
93.460000 25.360000 
94.120000 25.920000 
94.130000 26.090000 
94.410000 26.400000 
94.530000 26.610000 
94.710000 26.730000 
94.750000 26.820000 
94.890000 26.970000 
95.170000 27.040000 
95.280000 27.100000 
95.460000 27.290000 
95.730000 27.480000 
96.000000 27.450000 
>
92.937200 25.105100 
93.020000 25.090000 
>
92.952100 25.174800 
93.020000 25.220000 
>
96.000000 27.450000 
96.060000 27.410000 
96.140000 27.440000 
96.250000 27.430000 
96.290000 27.450000 
>
95.280000 27.100000 
95.390000 27.110000 
95.480000 27.240000 
95.460000 27.290000 
>
95.220000 27.010000 
95.700000 27.250000 
96.000000 27.280000 
>
94.250000 26.450000 
94.330000 26.480000 
94.410000 26.700000 
>
94.100000 26.340000 
94.390000 26.550000 
>
93.990000 26.200000 
94.090000 26.330000 
94.090000 26.390000 
>
94.000000 26.100000 
94.110000 26.260000 
94.090000 26.330000 
>
94.020000 26.040000 
94.260000 26.350000 
94.420000 26.480000 
94.590000 26.670000 
94.710000 26.720000 
>
93.850000 25.740000 
93.880000 25.840000 
>
93.580000 25.550000 
93.690000 25.640000 
93.750000 25.700000 
93.890000 25.740000 
93.820000 25.670000 
93.690000 25.640000 
>
93.220000 25.260000 
93.660000 25.670000 
94.030000 25.870000 
94.020000 25.940000 
>
93.000000 25.110000 
94.030000 25.780000 
>
93.060000 26.410000 
93.230000 26.490000 
93.480000 26.510000 
93.730000 26.590000 
>
94.800500 27.653400 
94.910000 27.590000 
>
94.544500 27.508600 
94.650000 27.440000 
>
94.070000 26.980000 
94.035500 27.235600 
>
95.444400 28.094400 
95.360000 28.010000 
>
95.205100 28.028500 
95.350000 28.130000 
95.382600 28.142400 
>
90.000000 26.430000 
90.120000 26.190000 
>
91.020000 26.320000 
91.980000 26.540000 
>
91.807400 26.674600 
91.820000 26.530000 
>
92.960000 25.780000 
92.224400 26.704200 
>
91.450000 25.470000 
91.390000 26.060000 
>
90.820000 25.180000 
90.790000 25.970000 
>
90.660000 25.400000 
90.660000 25.210000 
>
90.770000 25.290000 
90.670000 25.290000 
90.560000 25.310000 
90.520000 25.270000 
90.510000 25.270000 
90.560000 25.270000 
90.440000 25.340000 
90.360000 25.340000 
>
92.887500 25.076300 
92.910000 25.110000 
92.939900 25.104600 
>
90.000000 25.230000 
90.390000 25.130000 
90.520000 25.160000 
91.280000 25.230000 
92.090000 25.140000 
92.840000 25.100000 
92.954200 25.176200 
>
90.020000 26.260000 
89.810000 25.330000 
89.868900 25.094400 
>
94.050000 27.130000 
93.979700 27.194900 
>
94.960000 27.620000 
95.170000 27.770000 
>
92.570000 26.560000 
92.570000 26.726200 
>
90.410000 26.310000 
90.010000 26.100000 
>
90.150000 26.190000 
90.020000 26.430000 
>
90.320000 26.200000 
90.210000 26.390000 
>
92.570000 26.220000 
92.570000 26.460000 
>
90.510000 26.220000 
90.360000 26.460000 
>
91.650000 25.570000 
92.000000 25.890000 
>
87.980000 25.790000 
88.060000 25.840000 
88.200000 25.870000 
88.400000 25.900000 
88.530000 25.880000 
88.680000 25.890000 
89.130000 25.990000 
>
89.820000 23.200000 
89.300000 23.650000 
>
86.978000 26.370900 
87.000600 26.391500 
>
93.390000 22.604700 
93.390000 22.690000 
>
92.960000 21.890000 
92.440000 21.400000 
>
92.440000 22.730000 
92.970000 23.190000 
>
92.530000 23.690000 
93.000000 23.260000 
93.410000 22.910000 
>
92.730000 24.000000 
92.960000 23.860000 
>
92.530000 23.690000 
92.480000 23.980000 
>
92.830000 24.990000 
92.879300 25.063900 
>
90.750000 24.000000 
91.400000 24.570000 
91.880000 24.910000 
>
89.871200 25.085000 
89.890000 25.010000 
89.870000 25.000000 
89.910000 24.890000 
89.950000 24.720000 
89.970000 24.670000 
89.980000 24.610000 
90.000000 24.580000 
89.990000 24.510000 
90.040000 24.360000 
90.190000 24.030000 
>
89.510000 25.650000 
89.330000 25.860000 
>
89.560000 25.270000 
89.210000 25.820000 
>
89.100000 25.160000 
89.350000 25.480000 
>
88.030000 25.000000 
88.030000 25.210000 
87.880000 25.610000 
88.090000 26.160000 
>
86.980000 26.140000 
87.340000 25.010000 
>
88.320000 25.420000 
88.800000 25.190000 
>
87.900000 24.050000 
87.890000 24.000000 
87.890000 23.960000 
87.880000 23.890000 
87.880000 23.860000 
87.860000 23.720000 
87.800000 23.480000 
87.790000 23.370000 
87.780000 23.290000 
87.750000 23.000000 
87.760000 22.830000 
87.760000 22.690000 
87.790000 22.570000 
87.850000 22.460000 
87.880000 22.330000 
87.880000 22.200000 
87.890000 22.110000 
>
87.730000 23.720000 
87.790000 23.530000 
87.710000 23.450000 
87.680000 23.350000 
87.660000 23.290000 
87.630000 23.230000 
87.580000 23.090000 
87.580000 22.970000 
87.570000 22.740000 
87.560000 22.550000 
87.580000 22.410000 
87.630000 22.280000 
87.630000 22.190000 
>
89.840000 24.910000 
89.780000 24.890000 
89.690000 24.860000 
89.510000 24.780000 
89.340000 24.670000 
89.320000 24.630000 
89.280000 24.610000 
89.250000 24.600000 
89.150000 24.510000 
89.060000 24.430000 
88.980000 24.360000 
88.890000 24.270000 
88.830000 24.190000 
88.800000 24.140000 
88.750000 24.070000 
88.550000 23.840000 
88.460000 23.730000 
>
88.860000 25.000000 
88.790000 24.900000 
88.740000 24.860000 
88.660000 24.800000 
88.570000 24.760000 
88.500000 24.730000 
88.380000 24.700000 
>
88.030000 25.000000 
88.140000 24.600000 
>
87.930000 24.250000 
87.980000 24.290000 
88.010000 24.310000 
88.320000 24.650000 
>
87.320000 25.000000 
87.320000 24.960000 
87.320000 24.930000 
87.340000 24.850000 
87.350000 24.830000 
87.370000 24.740000 
87.380000 24.710000 
87.400000 24.670000 
87.400000 24.640000 
87.400000 24.610000 
87.400000 24.570000 
87.400000 24.490000 
87.390000 24.440000 
87.380000 24.420000 
87.380000 24.410000 
87.400000 24.390000 
87.410000 24.360000 
87.420000 24.330000 
87.450000 24.300000 
87.460000 24.270000 
87.490000 24.210000 
87.500000 24.180000 
87.510000 24.140000 
87.530000 24.110000 
87.550000 24.080000 
87.590000 24.020000 
87.600000 24.000000 
>
87.790000 25.000000 
87.800000 24.970000 
87.800000 24.930000 
87.810000 24.900000 
87.820000 24.860000 
87.840000 24.830000 
87.860000 24.760000 
87.890000 24.690000 
87.920000 24.640000 
87.930000 24.550000 
87.930000 24.520000 
87.930000 24.420000 
87.920000 24.330000 
87.920000 24.270000 
87.920000 24.140000 
87.900000 24.070000 
>
92.400000 21.400000 
92.900000 21.800000 
>
88.400000 26.370000 
88.278200 26.477400 
>
88.220000 26.350000 
88.110000 26.410000 
>
88.020000 25.680000 
88.760000 25.350000 
>
87.930000 25.480000 
88.300000 25.150000 
>
87.740000 25.390000 
88.190000 25.040000 
>
89.240000 25.500000 
89.020000 25.770000 
>
88.800000 25.140000 
89.150000 25.170000 
>
88.870000 25.010000 
88.910000 25.130000 
>
88.040000 21.000000 
88.520000 22.500000 
89.790000 24.230000 
90.000000 24.390000 
91.005400 24.905900 
>
87.920000 21.000000 
88.360000 22.560000 
89.710000 24.320000 
90.000000 24.510000 
91.024400 25.076900 
>
87.000000 23.770000 
87.360000 23.660000 
>
87.000000 23.620000 
87.320000 23.490000 
>
89.070000 23.960000 
89.290000 23.780000 
>
87.800000 21.810000 
87.490000 21.670000 
>
87.850000 23.020000 
87.430000 21.670000 
>
87.690000 22.050000 
87.500000 21.860000 
>
88.030000 23.940000 
88.330000 22.680000 
>
88.370000 23.050000 
88.230000 22.830000 
>
88.210000 23.210000 
88.480000 23.070000 
>
88.510000 23.440000 
88.430000 22.690000 
>
87.970000 23.590000 
88.240000 23.470000 
>
87.440000 23.130000 
87.460000 23.580000 
>
87.610000 24.000000 
87.810000 23.710000 
>
88.410000 24.000000 
88.690000 24.050000 
>
86.987300 23.705800 
87.220000 23.710000 
>
88.701000 26.518800 
89.200000 25.930000 
>
94.050000 20.730000 
93.960000 20.860000 
93.830000 21.120000 
93.820000 21.480000 
93.860000 21.510000 
93.890000 21.730000 
93.970000 22.290000 
93.930000 22.960000 
93.870000 23.250000 
94.190000 23.980000 
>
94.180000 19.990000 
93.770000 21.110000 
93.750000 21.240000 
93.780000 21.560000 
93.750000 21.890000 
93.790000 22.280000 
93.770000 22.470000 
93.900000 22.650000 
93.820000 23.120000 
93.870000 23.630000 
94.010000 24.030000 
94.400000 24.690000 
94.470000 25.030000 
94.940000 25.820000 
95.460000 26.430000 
95.720000 26.470000 
>
93.690000 19.990000 
93.500000 20.730000 
93.500000 20.880000 
93.390000 22.110000 
93.390000 22.534700 
>
95.990000 26.900000 
96.070000 26.960000 
96.420000 27.180000 
96.530000 27.210000 
96.560600 27.240600 
>
96.210000 26.980000 
96.420000 27.060000 
96.646000 27.177200 
>
95.320000 24.000000 
95.540000 24.570000 
>
94.610000 25.490000 
94.900000 25.790000 
94.930000 25.950000 
95.050000 26.100000 
95.070000 26.180000 
95.190000 26.320000 
95.450000 26.490000 
95.970000 27.060000 
>
95.530000 26.210000 
95.740000 26.280000 
>
95.720000 26.470000 
95.530000 26.210000 
>
96.320000 26.810000 
96.550000 26.850000 
>
96.220000 26.750000 
96.330000 26.870000 
>
96.110000 26.810000 
96.320000 26.880000 
>
96.180000 26.700000 
96.110000 26.660000 
96.150000 26.850000 
96.260000 26.920000 
96.490000 26.950000 
96.560000 26.930000 
97.010000 26.870000 
>
96.000000 25.860000 
95.800000 26.120000 
>
95.310000 24.380000 
95.430000 24.550000 
>
95.180000 24.000000 
95.190000 24.240000 
>
94.604000 18.776100 
94.460000 19.990000 
94.130000 20.720000 
94.040000 20.980000 
94.120000 21.100000 
94.060000 21.310000 
94.110000 21.600000 
94.040000 21.730000 
94.030000 22.540000 
94.000000 22.690000 
94.020000 22.930000 
93.990000 23.040000 
94.020000 23.510000 
94.170000 23.780000 
94.190000 23.980000 
94.530000 24.530000 
94.750000 25.090000 
95.030000 25.420000 
95.130000 25.460000 
95.300000 25.730000 
95.580000 25.990000 
95.740000 26.280000 
>
96.200000 27.010000 
96.607600 27.205700 
>
96.000000 26.950000 
96.330000 27.120000 
96.440000 27.210000 
96.532200 27.261800 
>
95.850000 26.480000 
95.820000 26.580000 
95.880000 26.810000 
95.980000 26.950000 
>
95.790000 26.080000 
96.000000 26.550000 
>
95.410000 26.450000 
95.620000 26.590000 
95.790000 26.820000 
96.000000 27.020000 
>
98.023500 26.154700 
98.050000 25.980000 
>
96.000000 23.000000 
97.307100 26.682000 
>
95.793100 18.760900 
95.790000 18.820000 
95.840000 19.720000 
96.000000 20.330000 
95.990000 20.550000 
95.990000 21.120000 
95.990000 21.630000 
95.910000 22.160000 
95.890000 22.940000 
95.890000 23.910000 
95.990000 24.340000 
96.020000 24.850000 
>
92.920000 12.460000 
92.940000 12.600000 
92.920000 12.800000 
93.030000 13.580000 
>
92.710000 11.790000 
92.720000 12.010000 
>
92.710000 11.410000 
92.720000 11.540000 
>
91.546400 11.221600 
91.780000 11.990000 
91.960000 12.220000 
92.070000 12.590000 
92.540000 13.320000 
93.130000 14.460000 
93.590000 15.000000 
93.970000 15.590000 
94.250000 16.320000 
94.390000 17.000000 
94.530000 17.410000 
94.670000 18.220000 
94.603900 18.777200 
>
93.726700 11.208900 
93.730000 11.320000 
93.640000 11.670000 
93.640000 12.000000 
93.690000 12.370000 
93.990000 13.290000 
94.250000 13.770000 
95.000000 14.820000 
95.560000 15.950000 
95.740000 16.900000 
95.840000 17.860000 
95.792200 18.777000 
>
92.080000 6.010000 
92.470000 6.520000 
93.283900 6.945300 
>
92.530000 10.540000 
92.570000 10.910000 
>
93.024300 4.073500 
92.760000 5.140000 
92.630000 5.400000 
92.260000 7.080000 
92.020000 7.670000 
91.840000 7.980000 
91.280000 9.660000 
91.330000 10.510000 
91.528600 11.163100 
>
93.279200 6.942800 
93.580000 7.100000 
>
94.692200 4.140200 
94.160000 5.700000 
94.080000 6.120000 
94.070000 6.450000 
94.040000 6.870000 
94.030000 7.200000 
93.780000 8.000000 
93.820000 8.020000 
93.700000 9.040000 
93.760000 9.520000 
93.770000 9.950000 
93.700000 10.300000 
93.726700 11.208800 
>
92.810000 10.540000 
92.790000 10.910000 
>
93.860000 6.810000 
93.880000 7.040000 
93.800000 7.220000 
>
93.730000 7.360000 
93.700000 7.420000 
>
93.360000 8.000000 
93.420000 7.930000 
>
94.600000 6.250000 
95.000000 5.760000 
>
93.170000 8.220000 
93.070000 8.310000 
>
92.800000 9.130000 
92.770000 9.220000 
>
75.900000 21.950000 
76.850000 22.150000 
77.300000 22.300000 
77.960000 22.630000 
>
75.150000 21.480000 
75.610000 21.460000 
76.180000 21.530000 
77.110000 21.820000 
>
75.660000 20.920000 
75.748600 20.920000 
>
84.030000 23.790000 
84.149400 23.806300 
>
82.550000 23.760000 
83.080000 23.860000 
>
82.250000 24.010000 
82.590000 23.840000 
>
81.460000 23.200000 
82.360000 23.330000 
82.770000 23.420000 
>
76.856700 21.563800 
76.944700 21.622900 
77.040500 21.686700 
77.076800 21.719900 
77.136300 21.779100 
77.206300 21.845400 
77.281400 21.911800 
77.348700 21.968600 
77.408300 22.020700 
77.473000 22.065600 
77.548000 22.108100 
77.610100 22.143500 
77.695500 22.181200 
77.778300 22.214200 
77.835200 22.244800 
77.876600 22.258900 
78.008400 22.286900 
>
79.810000 23.330000 
80.250000 22.790000 
>
78.070000 22.810000 
78.820000 23.080000 
81.010000 24.030000 
81.140000 24.080000 
81.580000 24.350000 
82.010000 24.430000 
>
79.690000 22.120000 
80.450000 22.430000 
81.000000 22.500000 
81.002800 22.494400 
>
75.320000 21.200000 
76.090000 21.050000 
>
74.965800 21.258700 
75.068800 21.217200 
75.086900 21.238500 
75.161600 21.233000 
75.280200 21.229500 
75.367800 21.212000 
75.445100 21.197000 
75.545600 21.172200 
75.666700 21.156700 
75.718300 21.156300 
75.790400 21.167500 
75.898700 21.185500 
75.939900 21.199400 
76.004300 21.225000 
76.045500 21.248400 
76.135700 21.307000 
76.272300 21.353400 
76.408900 21.394900 
76.543100 21.436500 
76.726000 21.499000 
76.888400 21.552300 
77.058500 21.643500 
77.120300 21.669100 
77.244000 21.715500 
77.334200 21.733700 
77.463100 21.761100 
77.599700 21.776400 
77.656300 21.780700 
77.712100 21.806300 
77.802300 21.845900 
77.866700 21.876300 
77.959500 21.927800 
78.042000 22.010000 
78.100000 22.060000 
79.010000 22.190000 
>
75.580000 21.720000 
76.420000 21.820000 
77.060000 22.130000 
77.870000 22.630000 
77.980000 22.600000 
79.440000 22.930000 
80.560000 23.520000 
81.000000 23.960000 
81.640000 24.190000 
81.680000 24.340000 
81.850000 24.340000 
81.940000 24.270000 
82.320000 24.360000 
82.400000 24.300000 
83.000000 24.200000 
83.500000 24.300000 
>
74.790000 22.070000 
74.970000 21.820000 
75.340000 21.580000 
75.910000 21.590000 
76.460000 21.700000 
>
78.776900 21.827400 
79.540000 22.180000 
>
76.100000 21.040000 
76.135200 21.035900 
>
75.890000 21.200000 
76.050000 21.230000 
>
75.090000 21.250000 
75.260000 21.270000 
>
75.130000 21.210000 
75.240000 21.200000 
>
73.237200 21.755400 
74.780000 22.060000 
>
74.510000 21.560000 
75.020000 21.260000 
>
74.420000 21.450000 
74.720000 21.630000 
>
73.312500 21.423700 
73.850000 21.440000 
74.640000 21.670000 
>
79.230000 21.970000 
79.590000 22.090000 
>
76.130000 21.970000 
76.240000 22.010000 
>
76.050000 22.020000 
76.230000 22.040000 
>
76.060000 22.080000 
76.210000 22.090000 
>
75.880000 22.330000 
76.060000 22.350000 
>
75.810000 22.460000 
75.990000 22.450000 
>
77.460000 22.320000 
78.000000 22.560000 
>
75.030000 21.400000 
75.270000 21.380000 
>
75.020000 21.370000 
75.320000 21.310000 
>
75.330000 21.240000 
75.390000 21.360000 
>
75.170000 21.210000 
75.310000 21.210000 
>
75.170000 21.240000 
75.300000 21.240000 
>
75.120000 21.270000 
75.340000 21.270000 
>
83.500000 23.800000 
83.700000 23.820000 
>
83.570000 23.590000 
83.910000 23.590000 
>
83.420000 23.860000 
83.490000 23.950000 
>
83.020000 23.860000 
83.320000 23.790000 
>
82.230000 23.990000 
82.610000 23.790000 
>
81.090000 23.270000 
81.210000 23.410000 
>
81.000000 23.480000 
81.150000 23.500000 
>
82.700000 23.220000 
83.008100 23.095300 
>
83.220000 23.500000 
83.830000 23.580000 
>
83.220000 23.530000 
83.620000 23.640000 
>
83.550000 23.680000 
83.790000 23.650000 
>
82.550000 23.750000 
83.090000 23.830000 
>
81.950000 23.790000 
82.720000 23.840000 
>
81.000000 23.930000 
81.360000 24.090000 
81.540000 24.130000 
81.730000 24.090000 
82.000000 24.190000 
82.270000 24.220000 
82.360000 24.210000 
82.440000 24.170000 
82.570000 24.220000 
>
83.190000 24.020000 
83.130000 24.120000 
>
83.380000 24.130000 
83.705200 24.147100 
>
83.170000 24.100000 
83.310000 24.120000 
>
82.810000 24.040000 
83.120000 24.080000 
>
82.790000 24.040000 
82.730000 24.100000 
>
82.780000 23.980000 
82.640000 24.130000 
>
82.700000 23.900000 
82.550000 24.130000 
>
81.150000 23.950000 
81.680000 24.090000 
>
78.000000 22.540000 
79.180000 22.790000 
>
77.460000 22.320000 
78.000000 22.560000 
>
75.100000 21.240000 
75.150000 21.330000 
>
75.000000 21.290000 
75.100000 21.250000 
>
74.910000 21.380000 
75.000000 21.330000 
>
74.940000 21.440000 
74.900000 21.360000 
>
74.860000 21.470000 
74.930000 21.420000 
>
74.810000 21.450000 
74.940000 21.520000 
>
74.600000 21.750000 
74.800000 21.490000 
>
73.840000 21.840000 
73.910000 21.910000 
>
73.540000 21.810000 
73.770000 21.860000 
>
73.510000 21.750000 
73.880000 21.920000 
>
73.503000 22.098500 
73.520000 22.090000 
73.540000 22.090000 
73.580000 22.080000 
73.620000 22.070000 
>
83.010000 23.570000 
83.050000 23.580000 
83.100000 23.590000 
83.130000 23.600000 
83.190000 23.620000 
83.220000 23.630000 
83.290000 23.630000 
83.330000 23.630000 
83.360000 23.630000 
83.380000 23.640000 
83.410000 23.650000 
83.430000 23.670000 
83.450000 23.680000 
>
73.790000 22.000000 
73.820000 22.020000 
73.890000 22.030000 
74.040000 22.070000 
>
83.290000 23.630000 
83.360000 23.670000 
83.380000 23.670000 
83.410000 23.680000 
83.450000 23.680000 
83.470000 23.690000 
83.530000 23.690000 
83.580000 23.700000 
83.600000 23.700000 
83.660000 23.700000 
83.700000 23.710000 
83.750000 23.710000 
>
83.440000 23.850000 
83.610000 23.860000 
83.730000 23.820000 
>
79.760000 13.000000 
80.170000 13.850000 
>
79.670000 13.770000 
80.130000 14.070000 
>
79.280000 13.590000 
79.440000 13.900000 
>
79.118500 14.773200 
79.420000 14.570000 
>
85.860000 20.530000 
86.370000 20.620000 
86.687500 20.972800 
>
86.540000 20.550000 
86.960000 20.900000 
>
86.650000 20.310000 
86.540000 20.550000 
>
85.890000 19.830000 
86.010000 20.040000 
86.360000 20.030000 
>
83.990000 18.580000 
83.740000 19.040000 
>
83.940000 18.230000 
83.740000 18.580000 
>
83.650000 18.120000 
83.530000 18.480000 
83.520000 18.670000 
83.464000 18.956200 
>
83.590000 17.980000 
83.430000 18.250000 
>
80.824900 17.097800 
80.880000 17.020000 
81.020000 16.850000 
81.330000 16.340000 
>
79.323000 13.621000 
79.400000 13.800000 
>
80.080000 15.750000 
80.360000 16.150000 
>
81.470000 16.410000 
82.000000 16.630000 
>
79.672000 16.286000 
80.080000 15.750000 
>
80.550000 15.900000 
80.800000 16.000000 
>
78.746500 10.867900 
78.830000 10.860000 
79.740000 10.680000 
>
78.622800 9.569200 
79.080000 9.280000 
>
78.780000 10.360000 
79.090000 9.960000 
>
78.820000 10.180000 
79.060000 9.880000 
>
78.790000 9.470000 
79.370000 10.230000 
>
78.902800 12.508500 
79.000000 12.700000 
>
78.874000 12.206900 
78.980000 12.320000 
>
79.770000 12.270000 
79.940000 12.690000 
>
78.870000 11.030000 
79.550000 12.120000 
>
79.230000 11.970000 
79.810000 11.980000 
>
78.834400 11.791200 
79.060000 12.040000 
>
79.820000 10.340000 
79.810000 11.450000 
>
79.450000 10.290000 
79.790000 10.270000 
>
79.220000 12.870000 
80.040000 12.450000 
>
78.925800 12.750200 
79.080000 12.940000 
>
85.800000 20.300000 
86.480000 20.390000 
>
80.090000 15.980000 
80.360000 16.240000 
80.580000 16.770000 
80.629700 16.960400 
>
79.900000 14.540000 
79.670000 15.050000 
79.760000 15.290000 
79.720000 15.760000 
80.160000 16.470000 
>
79.580000 13.790000 
79.490000 14.380000 
79.190000 14.890000 
79.300000 15.480000 
79.980000 16.390000 
80.010000 16.480000 
80.073300 16.568600 
>
79.170000 13.000000 
79.210000 13.590000 
79.048300 14.036500 
>
79.710000 12.110000 
79.560000 12.020000 
79.490000 11.950000 
79.420000 11.770000 
78.790000 11.040000 
78.900000 10.980000 
79.000000 11.060000 
79.190000 11.050000 
79.450000 11.180000 
79.680000 11.220000 
79.820000 11.320000 
>
79.840000 11.250000 
80.040000 11.530000 
>
79.880000 11.180000 
80.000000 11.260000 
80.050000 11.350000 
>
79.830000 11.350000 
79.930000 11.520000 
79.940000 11.610000 
80.000000 11.700000 
>
79.340000 10.890000 
79.490000 10.750000 
79.660000 10.810000 
79.840000 11.010000 
>
79.750000 10.270000 
79.760000 10.550000 
79.850000 10.630000 
>
79.390000 10.320000 
79.440000 10.450000 
79.470000 10.750000 
79.670000 11.020000 
79.690000 11.220000 
>
78.654000 9.896300 
78.760000 10.030000 
79.010000 10.130000 
79.410000 10.790000 
>
78.665700 10.019700 
78.710000 10.050000 
78.870000 10.280000 
78.970000 10.700000 
79.850000 11.250000 
>
78.588900 9.212500 
78.680000 9.650000 
79.070000 9.860000 
79.210000 10.190000 
79.280000 10.240000 
>
81.090000 16.580000 
81.000000 16.360000 
>
81.630000 16.990000 
81.010000 16.540000 
>
81.500000 16.670000 
81.340000 16.310000 
>
82.050000 16.970000 
81.530000 16.530000 
>
81.700000 16.750000 
81.380000 16.640000 
81.090000 16.360000 
>
80.270000 16.020000 
80.320000 16.140000 
80.420000 16.270000 
80.680000 16.420000 
>
80.420000 15.960000 
80.680000 16.250000 
80.740000 16.450000 
>
80.410000 15.840000 
80.530000 15.970000 
80.380000 15.940000 
>
79.230000 14.610000 
79.180000 14.950000 
79.300000 15.390000 
>
80.580000 15.860000 
80.970000 16.500000 
>
80.740000 15.860000 
80.980000 16.380000 
>
79.580000 15.760000 
80.080000 16.270000 
>
79.430000 15.550000 
79.590000 15.690000 
>
79.340000 13.520000 
79.430000 13.650000 
>
86.710000 20.380000 
86.420000 20.250000 
>
86.700000 20.250000 
86.460000 20.230000 
86.120000 20.330000 
85.940000 20.260000 
>
81.650000 17.000000 
82.000000 17.090000 
82.310000 17.110000 
>
82.120000 17.000000 
82.260000 17.090000 
>
82.710000 20.810000 
82.620000 20.350000 
82.620000 19.760000 
82.560000 19.430000 
82.630000 19.020000 
82.300000 18.520000 
81.550000 18.080000 
81.526300 18.041700 
>
83.455400 19.000400 
83.430000 19.130000 
>
84.520000 22.230000 
84.550000 22.380000 
>
84.310000 22.270000 
84.370000 22.430000 
>
84.860000 21.980000 
85.140000 21.240000 
>
80.922800 22.490200 
81.000000 22.500000 
81.010000 22.480000 
81.970000 22.660000 
82.720000 22.710000 
>
79.690000 22.120000 
79.788600 22.160200 
>
79.250000 21.020000 
80.440000 21.850000 
80.660000 22.130000 
80.980000 22.320000 
81.000000 22.270000 
81.560000 22.520000 
82.440000 22.320000 
>
79.001800 21.931300 
78.141200 21.533700 
>
79.230000 21.970000 
79.590000 22.090000 
>
79.200000 21.740000 
79.970000 22.140000 
>
80.150000 21.670000 
80.350000 21.810000 
>
79.150000 21.190000 
79.780000 21.480000 
>
82.500000 22.300000 
83.020000 22.230000 
>
83.005900 23.096200 
83.120000 23.050000 
>
78.610000 21.130000 
79.110000 21.110000 
79.390000 21.150000 
79.550000 21.130000 
79.830000 21.150000 
>
79.410000 21.990000 
79.610000 22.070000 
>
80.050000 20.680000 
80.000000 20.900000 
79.980000 21.000000 
>
79.990000 21.000000 
80.000000 21.080000 
80.130000 21.380000 
80.140000 21.460000 
>
84.170000 19.820000 
84.110000 19.940000 
>
84.650000 20.960000 
84.820000 20.950000 
85.240000 20.860000 
85.360000 20.780000 
>
82.210000 18.690000 
82.300000 18.790000 
82.390000 18.920000 
82.550000 19.120000 
>
79.670000 20.680000 
79.770000 20.520000 
>
84.000000 21.640000 
84.380000 21.360000 
84.630000 21.280000 
>
84.380000 21.340000 
84.610000 21.260000 
>
84.550000 22.230000 
84.570000 22.330000 
>
84.330000 22.320000 
84.690000 22.380000 
>
83.200000 22.670000 
83.270000 22.450000 
>
82.750000 22.680000 
82.960000 22.770000 
>
82.494700 22.306200 
82.683200 22.351300 
>
81.530900 18.049100 
81.240000 17.580000 
>
80.980000 17.790000 
79.970000 19.180000 
>
79.310000 18.640000 
80.200000 17.980000 
80.800000 17.580000 
81.000000 17.230000 
>
80.200000 17.980000 
80.832100 17.087600 
>
76.132000 20.946500 
76.160000 20.950000 
>
77.740000 20.920000 
77.890000 20.960000 
>
76.240000 20.990000 
77.030000 20.880000 
77.810000 20.860000 
>
76.680000 20.660000 
77.880000 19.850000 
>
76.240000 20.990000 
76.680000 20.660000 
77.980000 19.610000 
79.360000 18.740000 
>
76.025300 21.062600 
76.090000 21.050000 
>
77.560000 21.360000 
78.000000 21.380000 
>
76.100000 21.040000 
76.440000 21.000000 
76.730000 21.150000 
77.130000 21.180000 
77.490000 21.230000 
77.960000 21.450000 
78.125400 21.526400 
>
77.460000 21.340000 
77.950000 21.350000 
>
77.500000 21.250000 
77.430000 21.380000 
>
80.625700 16.945000 
80.640000 17.000000 
>
80.110400 16.620500 
80.210000 16.760000 
>
79.988000 16.753600 
80.030000 16.810000 
>
78.920000 19.160000 
79.160000 19.090000 
>
81.020000 17.810000 
81.420000 17.800000 
>
79.420000 20.200000 
79.540000 20.050000 
79.560000 19.920000 
79.630000 19.830000 
79.740000 19.560000 
80.240000 18.740000 
>
77.910000 20.940000 
77.990000 20.940000 
>
77.780000 20.940000 
77.900000 20.950000 
>
77.890000 20.890000 
77.990000 20.890000 
>
77.760000 20.910000 
77.900000 20.940000 
>
77.500000 20.400000 
77.730000 20.400000 
>
77.490000 20.300000 
77.630000 20.310000 
>
77.680000 20.040000 
77.820000 20.000000 
>
76.093100 20.988800 
76.120000 21.000000 
>
76.128700 20.950200 
76.220000 20.970000 
>
72.920000 13.830000 
72.940000 14.010000 
72.900000 14.090000 
>
73.100000 13.850000 
72.980000 14.080000 
>
73.170000 13.860000 
73.120000 14.030000 
73.140000 14.190000 
>
73.320000 13.490000 
73.270000 14.070000 
72.970000 14.720000 
72.880000 15.540000 
72.730000 15.880000 
>
73.820000 13.230000 
73.710000 13.440000 
73.800000 14.130000 
>
73.940000 13.630000 
73.870000 14.000000 
73.110000 15.070000 
>
73.260000 15.330000 
73.860000 14.300000 
>
74.290000 13.360000 
73.530000 14.680000 
>
72.610000 16.980000 
72.710000 16.800000 
>
72.750000 17.000000 
72.830000 16.810000 
>
72.960000 17.020000 
73.040000 16.810000 
>
73.690000 17.010000 
73.730000 16.850000 
>
74.237200 15.408900 
74.080000 15.350000 
>
73.440000 20.200000 
73.622100 20.159100 
>
73.080000 19.690000 
73.740000 19.110000 
>
73.090000 19.750000 
73.779000 19.108800 
>
73.840000 18.030000 
73.965600 17.860500 
>
73.690000 17.050000 
73.450000 17.820000 
72.910000 18.840000 
>
73.350000 17.030000 
72.980000 20.310000 
>
72.600000 18.380000 
72.490000 18.580000 
>
72.960000 17.020000 
72.580000 17.730000 
72.430000 18.200000 
72.420000 18.440000 
71.980000 19.330000 
>
72.750000 17.000000 
72.230000 18.190000 
72.130000 18.340000 
>
72.150000 18.050000 
72.610000 16.980000 
>
73.190000 21.420000 
73.298100 21.423300 
>
72.600000 21.140000 
72.960000 21.370000 
>
76.590000 10.220000 
76.738000 10.126000 
>
76.920000 8.910000 
77.201800 8.701000 
>
76.990000 9.000000 
77.145300 8.883500 
>
75.917000 11.857800 
75.750000 11.960000 
>
72.960000 21.500000 
72.920000 21.610000 
>
72.960000 17.270000 
73.080000 17.010000 
73.096700 16.983100 
73.115600 16.914800 
73.139200 16.837400 
73.167500 16.764600 
73.195800 16.678100 
73.224100 16.573400 
73.247700 16.409400 
73.247700 16.181700 
73.209900 16.044900 
73.162700 15.976400 
73.120300 15.921700 
73.077800 15.853200 
73.087300 15.784900 
73.115600 15.698400 
73.110900 15.639200 
73.087300 15.557100 
73.073100 15.470500 
73.059000 15.393100 
>
76.290000 10.600000 
76.490200 10.648700 
>
76.550000 10.250000 
76.540900 10.541800 
>
76.660000 9.350000 
77.077500 9.102300 
>
75.750000 10.930000 
75.600000 11.250000 
75.400000 11.520000 
75.210000 11.820000 
75.000000 12.000000 
>
75.710000 10.070000 
75.540000 10.750000 
75.240000 11.210000 
75.000000 11.420000 
>
76.000000 10.370000 
75.620000 11.000000 
75.000000 11.830000 
>
76.910000 9.120000 
77.093300 9.051200 
>
75.570000 10.950000 
75.000000 11.560000 
>
73.120000 15.660000 
73.410000 15.970000 
>
73.130000 15.380000 
73.710000 15.480000 
>
73.320000 13.490000 
73.430000 13.470000 
73.800000 13.000000 
>
73.520000 13.410000 
73.450000 13.700000 
73.330000 14.550000 
73.170000 14.860000 
>
73.310000 17.950000 
73.890000 18.090000 
>
73.010000 19.700000 
72.830000 20.180000 
>
73.029600 19.812500 
73.495700 19.562000 
73.671700 19.457200 
73.732300 19.421900 
>
73.180000 29.000000 
73.030000 28.590000 
>
70.630000 26.230000 
70.330000 26.720000 
>
70.540000 26.700000 
70.290000 26.750000 
70.190000 26.900000 
70.050000 27.340000 
>
71.060000 26.440000 
70.890000 26.710000 
70.810000 26.930000 
70.350000 27.520000 
>
70.980000 26.450000 
71.310000 26.530000 
>
70.820000 26.190000 
70.870000 26.430000 
70.420000 27.150000 
>
71.380000 26.240000 
71.399700 26.212400 
>
67.427400 26.149000 
67.730000 25.920000 
67.640000 25.530000 
67.640000 25.180000 
67.540000 24.900000 
67.260000 24.860000 
67.090000 24.710000 
66.960000 24.830000 
>
71.521600 26.373700 
71.453000 26.603700 
>
71.491900 26.334400 
71.347300 26.414300 
>
71.347300 26.342300 
71.347300 26.504500 
>
72.350000 32.950000 
72.960000 32.740000 
73.350000 32.680000 
>
71.990000 34.760000 
72.340000 34.860000 
72.409500 34.908800 
>
72.010000 34.320000 
72.420000 34.520000 
>
73.190000 34.150000 
72.930000 33.930000 
72.770000 33.880000 
71.980000 33.810000 
>
73.442600 33.960000 
73.480000 33.780000 
73.690000 33.040000 
73.700000 33.000000 
73.760000 32.700000 
>
73.800000 33.590000 
73.530000 33.050000 
>
72.220000 33.120000 
72.430000 33.150000 
72.700000 33.230000 
>
71.470000 34.660000 
71.780000 34.780000 
72.210000 34.760000 
72.428700 34.891200 
>
72.790000 34.220000 
72.812500 34.538700 
>
71.290000 33.940000 
71.720000 33.850000 
72.120000 33.900000 
72.710000 33.850000 
73.162300 34.217500 
>
71.251000 32.944200 
71.530000 33.000000 
>
71.616200 32.698400 
71.668900 32.721800 
71.780100 32.634000 
71.803600 32.493500 
72.002600 32.376400 
72.225000 32.388100 
72.330300 32.470100 
72.546900 32.540300 
72.781000 32.639800 
73.021000 32.639800 
73.103000 32.639800 
73.138100 32.686700 
73.284400 32.674900 
73.366400 32.645700 
73.407300 32.674900 
73.413200 32.774500 
73.495100 32.803700 
73.612200 32.926600 
73.630000 33.000000 
73.580000 33.070000 
73.640000 33.170000 
>
71.630000 32.630000 
71.530000 33.120000 
>
71.282000 32.398200 
71.350000 32.490000 
71.279000 32.450600 
>
71.236700 33.195500 
71.260000 33.200000 
>
72.310000 32.140000 
72.110000 32.180000 
72.080000 32.470000 
71.990000 32.740000 
71.650000 32.960000 
71.420000 32.760000 
71.530000 32.460000 
71.350000 32.200000 
71.295000 32.168900 
>
72.892300 32.648700 
73.287200 32.982000 
>
72.768800 32.689200 
72.677300 32.757300 
>
72.634300 32.585500 
72.537500 32.648700 
>
72.537500 32.599000 
72.532200 32.729700 
>
72.290200 32.486500 
72.301000 32.549500 
>
72.710000 33.450000 
72.260000 33.450000 
71.650000 33.460000 
71.390000 33.540000 
71.217100 33.540000 
>
73.844900 33.590500 
73.930000 33.490000 
74.030000 33.380000 
74.110000 33.240000 
74.316600 33.157400 
>
72.500000 33.890000 
72.790000 34.020000 
72.910000 34.020000 
73.070000 34.160000 
73.170000 34.210000 
73.170100 34.210300 
>
72.910000 34.020000 
72.900000 33.990000 
72.960000 33.930000 
73.210000 34.140000 
73.221500 34.163100 
>
72.640000 33.650000 
72.740000 33.650000 
72.880000 33.680000 
73.030000 33.720000 
73.160000 33.770000 
73.340000 33.930000 
73.386600 34.011500 
>
72.000000 33.770000 
72.400000 33.770000 
72.710000 33.800000 
72.910000 33.840000 
73.040000 33.890000 
73.279600 34.109700 
>
71.150000 32.630000 
71.180000 32.930000 
71.213300 32.936700 
>
70.910000 32.340000 
71.180000 32.540000 
>
70.410000 32.510000 
70.760000 32.340000 
>
70.910000 32.170000 
71.150000 32.220000 
71.233900 32.333300 
>
70.510000 33.150000 
70.880000 33.120000 
71.000000 33.150000 
71.204700 33.189400 
>
69.930000 32.220000 
70.590000 33.490000 
70.680000 33.440000 
>
71.240500 32.138100 
71.120000 32.070000 
70.960000 32.120000 
70.820000 32.390000 
70.680000 32.450000 
70.480000 32.220000 
70.390000 31.840000 
70.440000 31.570000 
70.370000 31.180000 
70.410000 30.800000 
70.590000 30.520000 
70.560000 30.140000 
70.480000 29.820000 
70.240000 29.420000 
69.960000 28.880000 
69.560000 28.400000 
69.385500 28.295300 
>
70.120000 33.050000 
69.730000 32.670000 
69.560000 32.290000 
69.510000 31.950000 
69.590000 31.670000 
69.600000 31.420000 
69.410000 31.090000 
69.120000 30.790000 
68.730000 30.790000 
68.330000 30.810000 
68.050600 30.810000 
>
68.030000 31.070000 
67.929000 31.039100 
>
70.030000 31.360000 
69.870000 31.030000 
69.700000 30.750000 
69.520000 30.630000 
69.320000 30.560000 
>
71.192800 33.540000 
71.050000 33.540000 
70.600000 33.670000 
>
69.433800 28.324300 
69.360000 28.280000 
69.140000 28.250000 
68.680000 28.290000 
68.310000 28.700000 
68.060000 29.250000 
67.900000 29.330000 
67.640000 29.300000 
67.490000 28.930000 
67.290000 28.500000 
67.255400 28.377000 
>
67.100000 29.190000 
66.840000 29.000000 
>
68.112300 30.810000 
67.970000 30.810000 
67.800000 30.620000 
>
67.981900 31.055300 
67.540000 30.920000 
67.440000 30.810000 
67.120000 30.560000 
>
65.289800 30.218600 
65.180000 29.950000 
65.164300 29.902200 
>
65.930000 27.290000 
65.770000 26.570000 
65.650000 25.900000 
65.521500 25.727000 
>
67.255000 28.375700 
67.200000 28.180000 
67.270000 27.670000 
67.200000 27.310000 
67.020000 26.900000 
66.950000 26.640000 
67.040000 26.390000 
67.360000 26.200000 
67.385800 26.180500 
>
66.420000 27.680000 
66.490000 27.240000 
66.420000 26.830000 
66.370000 26.600000 
66.400000 26.300000 
66.380000 25.810000 
>
65.157400 29.881100 
64.980000 29.340000 
64.750000 28.480000 
64.690000 27.920000 
>
69.330000 35.300000 
68.780000 34.570000 
68.360000 34.110000 
67.730000 33.430000 
67.150000 32.820000 
66.630000 32.140000 
66.130000 31.630000 
65.560000 30.880000 
65.324500 30.303500 
>
71.004900 35.929400 
70.880000 35.860000 
70.270000 35.650000 
69.520000 35.390000 
68.650000 35.090000 
67.730000 34.810000 
67.656300 34.797900 
>
69.490000 23.210000 
69.640000 23.180000 
69.670000 23.180000 
69.700000 23.190000 
69.760000 23.190000 
69.790000 23.190000 
69.880000 23.170000 
69.910000 23.160000 
69.940000 23.160000 
>
72.040000 24.350000 
72.790000 23.270000 
73.000000 22.320000 
73.200000 22.090000 
>
69.560000 23.950000 
70.470000 23.960000 
71.400000 24.000000 
>
71.070000 22.990000 
70.370000 22.820000 
>
69.000000 23.830000 
69.820000 23.420000 
70.120000 23.280000 
70.760000 23.390000 
>
69.630000 22.780000 
70.190000 23.010000 
>
70.360000 20.850000 
69.130000 22.020000 
>
72.010000 21.110000 
71.630000 20.890000 
71.000000 20.670000 
70.360000 20.850000 
>
70.330000 20.280000 
71.000000 20.240000 
71.840000 20.600000 
>
70.010000 24.110000 
70.590000 24.110000 
70.960000 24.180000 
71.380000 24.390000 
>
71.340000 25.790000 
71.620000 25.190000 
71.620000 25.060000 
71.510000 24.790000 
71.510000 24.430000 
71.680000 24.000000 
71.710000 24.000000 
71.730000 23.960000 
71.810000 23.830000 
71.820000 23.800000 
71.960000 23.630000 
72.000000 23.570000 
72.019600 23.566700 
72.107300 23.459900 
72.208300 23.287900 
72.335200 23.095100 
72.403900 22.935000 
72.404700 22.772000 
72.398900 22.617900 
72.348300 22.404700 
72.338900 22.351400 
>
72.000000 24.500000 
72.363000 24.603700 
>
70.710000 23.150000 
71.060000 23.240000 
>
69.210000 22.800000 
69.000000 22.950000 
>
71.010000 20.700000 
72.000000 21.140000 
>
69.000000 23.820000 
68.830000 23.900000 
>
78.000000 25.170000 
78.300000 25.500000 
78.700000 25.800000 
78.900000 26.000000 
79.030000 26.200000 
>
80.900000 26.500000 
80.400000 26.200000 
80.000000 26.070000 
79.650000 25.800000 
79.300000 25.600000 
>
75.009600 23.455600 
75.216300 23.536600 
75.478200 23.645700 
75.857300 23.817400 
76.012400 23.908100 
76.109000 23.967700 
76.291800 24.118400 
76.488600 24.294400 
76.759700 24.545800 
76.984200 24.788100 
>
76.761500 29.635600 
76.800900 28.555200 
>
75.400000 27.640000 
75.420000 27.670000 
75.430000 27.700000 
75.480000 27.750000 
75.520000 27.770000 
75.550000 27.790000 
75.570000 27.820000 
75.590000 27.840000 
>
73.130000 24.380000 
73.470000 24.990000 
>
73.140200 22.158800 
73.200000 22.090000 
>
76.870000 27.960000 
75.040000 26.730000 
>
77.752000 30.128600 
77.045800 29.255200 
76.891000 29.045100 
76.827400 28.897300 
76.535800 28.624700 
75.943200 28.126200 
>
76.210000 28.180000 
75.720000 27.920000 
74.990000 27.390000 
>
77.230000 27.030000 
77.400000 27.150000 
>
75.810000 26.780000 
76.580000 27.020000 
>
75.860000 26.850000 
76.530000 27.180000 
>
76.180000 26.810000 
76.400000 27.920000 
>
75.870000 27.550000 
75.530000 27.980000 
>
75.680000 27.690000 
75.500000 26.690000 
>
75.370000 26.710000 
75.540000 27.630000 
>
75.200000 26.690000 
75.310000 27.280000 
>
75.090000 26.670000 
75.260000 27.560000 
>
77.390000 27.120000 
77.030000 27.440000 
>
77.160000 27.470000 
77.590000 27.090000 
>
77.530000 26.820000 
76.660000 26.150000 
75.460000 25.420000 
75.410000 25.290000 
74.990000 25.130000 
>
74.640000 26.920000 
73.880000 25.860000 
73.860000 25.690000 
73.470000 24.990000 
>
74.110000 26.490000 
74.300000 27.520000 
74.540000 28.900000 
>
73.710000 27.710000 
73.980000 27.240000 
>
74.020000 27.870000 
74.350000 28.090000 
>
74.120000 28.260000 
73.800000 28.260000 
>
73.640000 29.000000 
73.360000 28.390000 
>
71.467800 26.117000 
71.880000 25.540000 
>
76.450000 30.920000 
76.568700 31.044100 
>
73.830000 24.230000 
73.730000 24.260000 
>
73.590000 23.910000 
73.630000 24.040000 
>
72.378900 24.608300 
72.490000 24.640000 
>
72.790000 24.520000 
73.220000 25.000000 
>
73.560000 24.880000 
73.630000 24.890000 
73.780000 24.910000 
73.950000 24.940000 
74.010000 24.960000 
>
73.590000 25.000000 
73.970000 25.590000 
>
73.830000 27.710000 
73.870000 27.740000 
74.080000 27.850000 
>
73.480000 27.440000 
73.720000 27.400000 
>
73.780000 27.370000 
74.140000 27.150000 
>
79.170000 28.100000 
80.430000 27.850000 
>
78.120000 28.710000 
78.500000 28.730000 
79.320000 28.990000 
79.660000 29.170000 
>
80.111300 28.973800 
78.192200 27.585800 
77.663500 27.103000 
>
73.450000 25.000000 
74.400000 26.110000 
>
81.880000 25.378300 
81.740000 25.855800 
>
77.950000 27.180000 
77.800000 27.210000 
77.650000 27.460000 
77.640000 27.740000 
77.490000 27.900000 
>
77.090000 26.800000 
77.300000 26.920000 
>
77.640000 26.910000 
77.900000 27.160000 
>
77.610000 27.120000 
77.910000 27.390000 
>
77.400000 27.420000 
77.430000 27.680000 
>
74.780000 25.020000 
74.900000 25.140000 
>
74.550000 25.190000 
74.970000 25.440000 
>
74.350000 25.010000 
74.440000 25.160000 
>
74.280000 25.050000 
74.480000 25.320000 
>
74.160000 25.000000 
74.290000 25.170000 
>
74.100000 25.020000 
74.280000 25.170000 
>
73.141300 26.495300 
73.606000 26.558500 
>
73.777800 26.648700 
73.939300 26.549500 
>
74.225000 27.783700 
74.010200 27.864800 
>
74.102000 29.000000 
74.752500 28.745300 
>
72.014000 25.229000 
72.884200 25.468500 
>
79.135500 29.396300 
79.152400 29.469600 
>
76.842000 30.531500 
76.960900 30.700900 
>
74.180000 25.790000 
74.300000 25.820000 
74.470000 25.960000 
>
74.200000 25.770000 
74.340000 25.810000 
74.470000 25.950000 
>
79.701100 29.196600 
79.180000 29.230000 
79.280000 29.140000 
>
78.805600 29.632800 
78.810000 29.630000 
78.815500 29.628100 
>
78.378300 29.833900 
78.630000 29.590000 
79.140000 29.420000 
>
80.650000 26.860000 
81.000000 27.400000 
81.110000 27.850000 
>
78.600000 16.300000 
78.860000 16.220000 
>
78.240000 16.110000 
78.830000 15.940000 
>
78.480000 15.860000 
78.760000 15.750000 
>
78.000000 15.620000 
78.420000 15.740000 
>
78.960000 14.880000 
79.087400 14.794200 
>
78.620000 14.410000 
78.950000 14.720000 
>
78.300000 14.320000 
78.000000 14.000000 
>
77.380000 16.350000 
77.990000 16.300000 
>
75.280000 15.760000 
77.030000 16.560000 
>
77.750000 15.230000 
77.930000 15.150000 
>
77.080000 15.000000 
77.390000 15.120000 
>
76.630000 14.850000 
77.040000 14.940000 
>
75.180000 14.790000 
76.490000 15.250000 
>
75.550000 14.420000 
76.680000 15.150000 
>
76.970000 13.820000 
75.010000 16.120000 
>
76.370000 13.040000 
76.040000 13.420000 
76.080000 13.750000 
75.950000 14.160000 
75.950000 14.370000 
75.820000 14.720000 
75.170000 15.320000 
>
76.590000 14.230000 
76.720000 13.800000 
76.770000 13.430000 
>
75.550000 13.560000 
75.950000 13.040000 
>
75.900000 13.000000 
75.760000 13.200000 
>
74.500000 16.990000 
74.580000 16.780000 
>
78.010000 16.330000 
79.000000 16.530000 
>
74.880000 15.650000 
74.226100 15.404800 
>
75.741200 20.920000 
75.860000 20.920000 
>
76.000000 20.930000 
76.146500 20.948300 
>
73.704800 20.140500 
74.330000 20.000000 
75.010000 19.640000 
74.990000 19.630000 
75.530000 18.970000 
>
74.014100 17.603500 
74.430000 18.000000 
>
73.986200 17.832700 
74.440000 17.220000 
74.490000 17.060000 
>
77.567000 14.206000 
77.967000 14.755000 
>
78.022000 14.202000 
78.337000 14.278000 
>
76.420000 18.020000 
76.580000 18.030000 
76.790000 18.050000 
76.920000 18.060000 
77.050000 18.090000 
>
79.570000 16.420000 
79.664600 16.295700 
>
77.160000 10.220000 
77.510000 10.590000 
>
76.930000 10.520000 
77.160000 10.220000 
>
76.619000 10.454700 
76.840000 10.100000 
>
76.798100 10.087900 
77.220000 9.820000 
>
77.300000 9.100000 
77.260000 9.520000 
>
78.630000 16.350000 
79.030000 16.250000 
>
77.227000 8.682400 
77.500000 8.480000 
>
77.174200 8.861800 
77.430000 8.670000 
>
77.920000 8.310000 
78.140000 9.000000 
>
76.110000 12.370000 
75.760000 13.000000 
>
76.420000 11.550000 
75.941400 11.842900 
>
77.990000 11.810000 
77.680000 11.430000 
>
77.710000 11.400000 
77.980000 12.070000 
>
77.710000 11.390000 
78.000000 11.000000 
>
77.700000 11.080000 
77.070000 11.530000 
>
76.840000 11.130000 
77.980000 10.940000 
78.730600 10.869400 
>
77.770000 10.160000 
78.010000 10.000000 
77.990000 10.040000 
78.590000 9.590000 
78.612900 9.575500 
>
78.360000 9.170000 
78.140000 9.000000 
>
76.930000 12.980000 
77.730000 12.270000 
>
78.670000 12.050000 
78.874500 12.452900 
>
77.500000 10.418000 
77.720000 10.559000 
>
78.390000 11.690000 
78.849800 12.181000 
>
78.630000 11.800000 
78.590000 12.240000 
78.620000 12.670000 
>
78.090000 10.970000 
78.812100 11.766600 
>
76.050000 18.380000 
76.110000 18.320000 
76.190000 18.230000 
76.350000 18.060000 
>
78.690000 12.460000 
78.898500 12.716600 
>
78.000000 11.820000 
78.510000 12.250000 
>
78.610000 16.230000 
78.760000 16.200000 
>
76.520700 10.656100 
76.660000 10.690000 
>
78.000000 11.550000 
78.230000 11.600000 
78.580000 11.610000 
>
77.570000 11.440000 
78.000000 11.550000 
>
76.560000 11.620000 
76.950000 11.550000 
77.090000 11.480000 
77.620000 11.460000 
>
76.440000 11.000000 
77.170000 11.430000 
77.270000 11.450000 
>
77.109000 9.083700 
77.250000 9.000000 
>
77.630000 8.770000 
77.481300 8.890800 
77.250000 9.000000 
>
79.024500 14.102200 
78.750000 14.860000 
78.830000 15.860000 
79.680000 16.340000 
79.967100 16.725500 
>
77.870000 15.380000 
77.280000 16.380000 
>
77.820000 15.000000 
76.900000 16.220000 
>
77.490000 14.540000 
77.415000 14.909000 
76.930000 15.480000 
76.230000 16.110000 
>
78.530000 9.740000 
78.640600 9.879400 
>
78.520000 9.920000 
78.652500 10.010700 
>
77.121600 9.040600 
77.150000 9.030000 
>
78.700000 14.430000 
78.910000 14.450000 
>
76.000000 16.380000 
76.640000 16.240000 
>
76.000000 20.950000 
76.105200 20.993900 
>
75.990000 20.920000 
76.142100 20.953100 
>
75.730000 20.900000 
75.820000 20.910000 
>
75.671700 20.899300 
75.760000 20.860000 
>
78.846700 16.000000 
79.074800 16.000000 
>
73.797000 19.384200 
73.946600 19.297000 
74.107600 19.133700 
74.367800 18.845100 
74.699100 18.445500 
74.829100 18.328900 
>
72.010000 35.840000 
72.540000 36.260000 
72.635100 36.300700 
>
71.590000 35.560000 
71.760000 36.050000 
72.877600 36.613600 
>
73.163600 36.940200 
72.620000 36.680000 
71.420000 36.160000 
70.982100 35.916700 
>
86.692800 20.978700 
86.730000 21.020000 
>
84.840000 23.740000 
84.950000 23.630000 
>
86.170000 25.010000 
86.290000 24.840000 
>
84.120000 24.330000 
84.340000 24.440000 
>
85.050000 23.810000 
85.280000 23.740000 
>
84.610000 23.820000 
84.750000 23.690000 
>
84.079900 23.796800 
84.250000 23.820000 
>
86.600000 23.920000 
86.740000 23.700000 
>
86.250000 23.750000 
86.380000 23.860000 
>
85.940000 23.420000 
86.430000 23.450000 
>
85.750000 23.150000 
86.270000 23.140000 
86.690000 22.980000 
86.945000 22.997600 
>
85.600000 22.710000 
86.110000 22.810000 
86.450000 22.660000 
86.590000 22.400000 
>
86.350000 21.570000 
86.640000 21.940000 
>
83.435500 24.287100 
83.500000 24.300000 
>
85.350000 26.350000 
85.060000 26.760000 
>
84.590000 25.940000 
84.070000 26.620000 
>
84.380000 25.520000 
85.881000 26.618800 
>
85.350000 25.460000 
85.550000 25.560000 
86.490000 26.440000 
>
85.680000 25.190000 
86.945000 26.340900 
>
83.770000 24.150000 
84.000000 24.140000 
>
83.625000 24.142900 
83.760000 24.150000 
>
82.860000 26.010000 
83.870000 26.120000 
>
82.810000 26.470000 
83.980000 26.470000 
>
82.800000 26.480000 
83.710000 27.140000 
>
86.620000 22.240000 
86.530000 22.320000 
>
86.370000 23.840000 
86.740000 23.720000 
>
86.270000 23.690000 
86.500000 23.670000 
>
86.270000 23.700000 
86.440000 23.630000 
>
86.120000 23.690000 
86.945000 23.705000 
>
86.070000 23.730000 
86.210000 23.780000 
>
85.430000 23.850000 
85.810000 23.840000 
>
85.220000 23.860000 
85.160000 23.950000 
>
85.170000 23.880000 
85.080000 23.950000 
>
85.160000 23.810000 
85.100000 23.880000 
>
85.250000 23.680000 
85.060000 23.780000 
>
84.950000 23.630000 
85.450000 23.630000 
>
84.800000 23.790000 
85.010000 23.790000 
>
84.840000 23.680000 
84.950000 23.630000 
>
84.710000 23.720000 
84.950000 23.610000 
>
84.090000 24.320000 
84.330000 24.410000 
>
85.000000 18.000000 
85.200000 17.500000 
85.100000 17.000000 
84.600000 16.000000 
83.800000 15.000000 
83.650000 14.000000 
83.800000 13.300000 
84.000000 12.800000 
84.500000 12.000000 
84.650000 11.500000 
84.600000 11.000000 
84.300000 10.000000 
84.100000 9.500000 
84.000000 9.000000 
84.100000 8.000000 
84.250000 7.000000 
84.300000 6.700000 
>
