80.402300 9.190600 
80.300000 9.102200 
>
80.103600 8.611500 
80.176500 8.470700 
>
80.616400 8.447600 
80.713200 8.489600 
>
80.937400 8.434200 
81.058600 8.330900 
>
81.023800 8.590100 
81.112500 8.502500 
>
80.851300 8.249200 
80.959100 8.193800 
>
80.805200 8.146600 
80.933600 8.121900 
>
80.829400 7.754100 
80.870900 7.726400 
>
80.736100 7.783200 
80.811200 7.711400 
80.937900 7.635000 
>
80.806300 7.646900 
80.929600 7.605000 
>
80.987300 7.662000 
80.816900 7.337600 
>
80.879800 7.518100 
80.821900 7.533800 
>
80.735100 7.648400 
80.804500 7.605000 
80.710000 7.377200 
>
80.518300 7.467800 
80.486300 7.395900 
>
80.544800 7.389900 
80.478400 7.303700 
>
80.568700 7.254300 
80.532300 7.225900 
>
80.630900 7.252100 
80.596800 7.225100 
>
80.271100 7.060200 
80.331300 7.101400 
>
80.289300 7.048200 
80.332400 7.071500 
>
80.383900 7.090200 
80.437100 7.086500 
>
80.396000 6.959900 
80.375900 6.890200 
>
80.323900 6.915700 
80.360800 6.895500 
80.389500 6.882000 
80.418000 6.873800 
80.445100 6.868500 
>
80.556600 7.079800 
80.715100 7.224400 
>
80.588700 7.091000 
80.634700 7.129300 
>
80.554400 7.022100 
80.588600 7.040900 
>
80.735100 7.149500 
80.770700 7.180300 
>
80.960400 7.246200 
81.013300 7.212600 
>
81.029000 7.208800 
80.983500 7.075500 
>
81.037800 7.229800 
81.094300 7.262000 
>
81.085800 7.280000 
81.143800 7.316700 
>
81.626100 7.083200 
81.603300 7.047200 
>
81.347600 7.114600 
81.278100 7.041100 
>
81.291400 7.053900 
81.395800 6.790200 
>
81.392400 6.942300 
81.373600 6.895100 
>
81.297900 7.011900 
81.252800 6.966900 
>
81.176800 6.998400 
81.234100 6.964700 
>
81.282800 6.784200 
81.240600 6.805100 
>
80.779700 6.703100 
80.802300 6.758500 
>
80.813600 6.750300 
80.843500 6.695600 
>
80.856100 6.708400 
80.883500 6.733100 
>
80.271800 6.367300 
80.180200 6.502100 
>
80.387700 6.159900 
80.273000 6.282700 
80.200000 6.371800 
80.180200 6.395800 
80.144500 6.434700 
80.044500 6.529000 
79.951200 6.610700 
>
